Agent 0:(18.1342,32.8904,0)->(16.7957,28.3588,9.45033)->(18.7585,23.8331,19.3163)->(18.7585,23.8331,19.7175)->(21.6858,20.6192,28.412)->(23.3696,18.5702,33.7161)->(26.4289,15.4914,42.3966)->(28.369,12.6259,49.3178)->
Agent 1:(16.9025,11.3768,0)->(20.6696,8.08906,10)->(24.1631,4.88873,19.4755)->(26.1605,3.29701,24.5836)->
Agent 2:(17.5269,3.86449,0)->(18.1936,7.74358,7.87196)->(22.4747,7.4584,16.4531)->
Agent 3:(5.47197,11.4965,0)->(9.24048,12.4069,7.75384)->(13.8023,13.5839,17.1763)->(15.5502,14.0374,20.7878)->(15.5502,14.0374,20.8309)->(19.5817,15.0854,29.1618)->(23.793,16.5144,38.0562)->(23.793,16.5144,38.5774)->(26.1731,16.8901,43.3966)->(28.9104,16.3094,48.993)->(31.5357,16.5091,54.2588)->(34.2267,19.3586,62.0974)->
Agent 4:(36.3948,2.06989,0)->(33.8017,6.3449,10)->(33.1392,7.49547,12.6553)->(31.1498,10.9185,20.5736)->(29.3412,13.4386,26.7774)->(29.3412,13.4386,26.8353)->(27.1177,17.1607,35.5066)->(25.5015,19.8066,41.7076)->(23.5505,22.8963,49.0158)->(23.5505,22.8963,49.0953)->(23.1364,27.6657,58.6701)->(23.015,28.1092,59.5897)->(22.3934,29.7167,63.0365)->(20.5854,32.9944,70.5232)->
Agent 5:(21.7441,34.3345,0)->(22.6106,29.5856,9.65475)->(23.1105,25.6176,17.6534)->(23.8106,22.8327,23.3965)->(25.9824,21.4503,28.5454)->(25.9824,21.4503,40.0785)->(27.733,16.8124,49.993)->
Agent 6:(2.7368,16.7845,0)->(5.37345,17.7096,5.58849)->(9.19851,19.2145,13.8093)->(12.797,20.4065,21.391)->(14.7144,20.7209,25.2769)->(18.6812,21.7816,33.4893)->(21.6549,21.9743,39.4492)->(23.431,22.332,43.0726)->(23.431,22.332,43.5631)->(27.911,23.1892,52.6856)->(30.9971,26.6494,61.9585)->
Agent 7:(3.39138,9.91611,0)->(5.82183,12.5935,7.23203)->(8.65213,15.2823,15.0397)->
Agent 8:(14.3847,16.9607,0)->(15.5117,14.9286,4.64737)->(17.4861,10.9625,13.5081)->
Agent 9:(22.0971,10.4313,0)->(21.8539,10.8277,0.930112)->(18.6596,14.6636,10.9138)->(18.6596,14.6636,11.0731)->(16.7121,17.3231,17.6657)->(16.7121,17.3231,21.384)->(14.9503,20.2853,28.2769)->
Agent 10:(11.146,37.2766,0)->(11.53,35.1315,4.35835)->(13.4638,31.7316,12.1812)->(15.5419,27.9532,20.8055)->(15.5419,27.9532,20.812)->(19.3929,24.8657,30.6836)->(19.3929,24.8657,30.6921)->(23.0043,22.3724,39.4691)->(23.7137,20.4997,43.4742)->(25.0068,17.157,50.6424)->(28.3685,15.003,58.6275)->(31.0448,10.8896,68.4424)->(31.1826,10.1334,69.9797)->(32.75,7.13732,76.7423)->(35.0105,3.68888,84.9889)->
Agent 11:(24.3112,22.7334,0)->(23.2819,24.7919,4.60297)->(24.1064,28.521,12.2414)->(26.4069,32.1285,20.7986)->(29.1369,34.6922,28.2887)->(32.3082,37.7757,37.1352)->
Agent 12:(20.4726,4.09593,0)->(19.2299,4.61104,2.69058)->(16.2637,6.93965,10.2325)->(14.0055,9.77857,17.4877)->(12.2871,11.6145,22.5169)->(10.7562,14.8725,29.7165)->(10.7562,14.8725,30.1274)->(7.44029,17.5804,38.6896)->(5.07996,20.033,45.4974)->(2.33692,21.697,51.914)->
Agent 13:(28.9674,25.123,0)->(28.528,26.1926,2.3125)->(25.9638,28.6993,9.48437)->(25.9638,28.6993,13.7632)->(24.7256,28.7458,16.2414)->
Agent 14:(19.1539,23.2271,0)->(19.1782,21.9628,2.52917)->(22.2807,18.6731,11.5729)->(22.3846,16.7727,15.3794)->(24.1049,12.7823,24.0703)->
Agent 15:(2.74316,13.9355,0)->(7.73798,14.163,10)->(8.34455,14.0544,11.2324)->(12.9806,12.9244,20.776)->(16.9041,12.5057,28.6676)->(19.906,12.0294,34.7464)->
Agent 16:(35.4817,21.6022,0)->(31.9862,21.4571,6.99684)->(30.1994,21.5072,10.5719)->(27.2711,21.2526,16.4505)->(24.8957,19.3341,22.5574)->(21.4949,17.2071,30.5797)->(17.6269,16.8448,38.3497)->(14.2242,16.9437,45.158)->(12.0416,17.2202,49.558)->(7.38055,16.6821,58.942)->(2.99698,15.1414,68.2349)->
Agent 17:(12.6831,33.852,0)->(13.6176,29.8869,8.14758)->(13.2296,26.9855,14.002)->(11.8001,23.4323,21.6618)->(11.4711,18.5316,31.4854)->(11.7283,14.1449,40.2739)->(13.2239,10.4736,48.2024)->
Agent 18:(22.3194,32.3775,0)->(17.8974,33.0123,8.93461)->(14.0175,33.9438,16.9149)->(14.0175,33.9438,16.9195)->(9.74767,34.8582,25.6528)->(7.87519,35.9767,30.0151)->
Agent 19:(19.1393,15.108,0)->(15.4887,16.8694,8.10672)->(12.6655,18.2772,14.4162)->
Agent 20:(20.6976,37.0107,0)->(22.6067,32.4067,9.96829)->(25.841,31.5021,16.6851)->(29.7351,31.1855,24.499)->(32.5225,29.0975,31.4645)->(32.5225,29.0975,31.6245)->(35.3984,26.8058,38.9792)->(36.6157,25.1686,43.0595)->(36.7992,22.3645,48.6797)->
Agent 21:(31.7791,15.9491,0)->(28.9696,15.3479,5.74607)->(24.1304,14.1895,15.698)->(21.2885,14.291,21.3855)->(21.2885,14.291,21.6357)->(17.0692,13.5596,30.2001)->(12.4091,12.7606,39.6564)->(7.88415,11.8317,48.8949)->(7.88415,11.8317,48.9149)->(3.4426,11.3351,57.8534)->(2.56165,11.1842,59.6409)->
Agent 22:(37.2549,17.4882,0)->(34.1862,19.1205,6.95169)->(31.8476,20.4697,12.3516)->(29.509,21.9693,17.9077)->(26.5451,20.621,24.4201)->(22.5016,20.9544,32.5346)->(22.5016,20.9544,32.8887)->(20.6973,20.3886,36.6704)->(19.4603,21.845,40.4919)->(18.2417,22.307,43.0986)->(13.5082,21.3495,52.7574)->(9.61958,22.0985,60.6775)->(7.09995,22.7725,65.8939)->
Agent 23:(22.3885,20.838,0)->(21.5427,17.1307,7.60514)->(20.784,14.4484,13.1802)->(19.3914,10.1204,22.2733)->(19.0812,8.8698,24.8503)->(19.0812,8.8698,24.8528)->(17.8592,4.87396,33.2098)->(17.248,2.37097,38.3628)->
Agent 24:(21.8358,24.4765,0)->(22.7935,26.8598,5.137)->(24.4405,29.3681,11.1384)->(26.3898,29.9721,15.2199)->(26.8189,30.2098,16.201)->(26.8189,30.2098,21.5642)->(28.6459,30.9397,25.499)->
Agent 25:(7.23193,26.2176,0)->(9.86915,22.6589,8.85877)->(13.3468,19.5635,18.1702)->(13.3468,19.5635,18.2331)->(16.5475,16.5208,27.0655)->(16.5475,16.5208,27.7555)->(17.689,15.78,30.4769)->(20.9791,13.3901,38.6101)->(22.5796,12.4309,42.342)->(22.5796,12.4309,42.3498)->(25.4122,11.0046,48.6924)->(28.9317,9.33407,56.4842)->(31.3385,8.36183,61.6757)->(32.0075,5.87668,66.8229)->(33.2898,2.61314,73.8358)->
Agent 26:(32.2019,13.8527,0)->(28.9111,12.7071,6.96915)->(24.7389,11.4316,15.6947)->(22.9231,10.2656,20.0106)->(18.2274,8.75177,29.8779)->(18.2274,8.75177,29.8834)->(15.6139,6.35194,36.9797)->(13.1756,4.03297,43.7097)->(10.7241,2.6302,49.3587)->(10.7241,2.6302,49.4588)->(8.49027,1.32736,54.6307)->(3.64687,1.64212,64.3379)->(2.56155,2.3368,66.9151)->
Agent 27:(4.03166,30.0343,0)->(6.15873,26.5348,8.19056)->(6.8447,25.3171,10.9857)->(6.98025,23.3846,14.8602)->(7.29223,18.6637,24.3227)->(7.61879,15.4117,30.8594)->(8.28292,11.4467,38.8998)->(9.16583,9.05438,43.9999)->(10.52,5.48955,51.6266)->(10.52,5.48955,52.1098)->(14.1202,2.34289,61.6729)->
Agent 28:(28.296,2.92935,0)->(25.7407,4.48943,5.98769)->(25.1972,7.48426,12.0752)->(25.0323,10.4493,18.0145)->(22.4063,12.1237,24.2434)->(22.4063,12.1237,26.5956)->(20.4706,15.3741,34.1618)->(20.4706,15.3741,36.6992)->(19.8376,14.7501,38.4769)->
Agent 29:(23.2055,4.71257,0)->(23.0869,8.84178,8.26183)->(23.7832,11.0043,12.8055)->(25.3933,15.0993,21.6058)->(26.8513,19.1934,30.2978)->(28.1475,22.5656,37.5233)->(28.1475,22.5656,39.936)->(26.8496,21.6801,43.0785)->(26.8496,21.6801,51.7484)->(29.5012,23.9162,58.6856)->
