Agent 0:(19.5141,20.2075,0)->(17.7682,16.0933,8.93862)->(17.9682,15.1805,10.8076)->(18.9793,12.7839,16.0099)->(18.9793,12.7839,17.3844)->(21.2641,9.84869,24.8237)->(24.6645,7.79336,32.7702)->(28.9062,6.7989,41.4837)->(29.7201,6.65038,43.1382)->(32.4471,5.95875,48.765)->(37.0971,5.06077,58.2368)->
Agent 1:(31.4955,12.3027,0)->(31.57,14.1082,3.61407)->(29.8784,18.724,13.4459)->(29.4873,21.5924,19.2359)->(26.8868,23.8502,26.1236)->(23.4823,25.2015,33.4494)->(23.4823,25.2015,34.1308)->(19.6368,26.72,42.3997)->(16.1813,28.2412,49.9506)->(12.7203,29.4641,57.2921)->(12.7203,29.4641,57.6868)->(8.77887,31.9902,67.0497)->(5.49007,34.9031,75.8363)->(3.77985,36.7368,80.8513)->
Agent 2:(22.3032,33.2848,0)->(18.5469,33.6918,7.55658)->
Agent 3:(28.9316,16.5369,0)->(27.441,11.7642,10)->(27.339,11.4378,10.6841)->
Agent 4:(10.0993,28.6988,0)->(12.466,24.2944,10)->(14.695,19.8188,20)->(16.1456,16.7918,26.7132)->(18.2847,13.8159,34.043)->(19.6205,11.2231,39.8765)->(21.0681,8.28589,46.4255)->
Agent 5:(30.3341,32.3078,0)->(30.4844,29.6353,5.35337)->(30.403,26.1493,12.3273)->(30.403,26.1493,12.3399)->(30.4475,22.2591,20.1207)->(30.4475,22.2591,20.1487)->(29.4285,19.8225,25.431)->(27.7881,15.5022,34.6734)->(26.2967,11.6106,43.0086)->(25.916,9.04151,48.2029)->(25.916,9.04151,48.2933)->(23.961,7.11616,53.781)->(20.5362,3.62887,63.5566)->
Agent 6:(34.7057,25.0807,0)->(32.5426,25.5575,4.43004)->(29.131,26.3976,11.4571)->(24.3226,27.703,21.4219)->(20.5015,29.167,29.6059)->(17.0922,30.3697,36.8363)->(17.0922,30.3697,51.2275)->(14.2642,29.933,56.9506)->
Agent 7:(29.3543,29.8292,0)->(26.9624,28.5419,5.4327)->(22.8714,26.4409,14.6306)->(20.4568,23.9899,21.5117)->(18.7183,22.6311,25.9247)->(14.8602,19.8329,35.4568)->(10.6309,17.4898,45.1267)->(6.82844,16.3855,53.0459)->(2.75755,15.146,61.5567)->
Agent 8:(14.3961,13.5647,0)->(15.4202,15.7694,4.86186)->(17.4891,18.8049,12.2089)->(20.3054,21.8365,20.4847)->(21.6989,23.2548,24.4615)->(24.3867,26.174,32.3976)->(28.5093,27.0776,40.8385)->(31.9811,26.6233,47.8413)->(36.3237,26.2052,56.5666)->
Agent 9:(13.6913,17.9244,0)->(12.2285,13.1432,10)->(11.1941,9.7623,17.0711)->
Agent 10:(11.0331,30.5693,0)->(15.6443,29.7402,9.3702)->(19.6104,27.9163,18.1011)->(22.1889,27.0892,23.5169)->(25.3173,26.5366,29.8705)->(28.0531,22.573,39.5027)->(29.0595,18.4406,48.009)->(29.8475,13.8574,57.3099)->(30.0552,10.9337,63.172)->
Agent 11:(13.5382,28.8832,0)->(18.2319,27.7165,9.673)->(22.8252,26.4842,19.1845)->(26.9239,24.9587,27.9314)->(29.1707,21.0145,37.0098)->(31.122,16.6912,46.4964)->(33.5387,14.0247,53.6938)->(34.9641,13.1087,57.0825)->
Agent 12:(11.8617,14.2998,0)->(15.8299,14.5888,7.95723)->
Agent 13:(35.8223,2.38646,0)->(33.7818,4.27229,5.55706)->(31.7343,5.46752,10.2987)->(29.0373,6.67011,16.2046)->(27.1063,6.50421,20.0807)->(27.1063,6.50421,20.3649)->(22.6338,7.6422,29.595)->(18.6397,10.2943,39.1839)->(17.5623,14.0443,46.9874)->(16.1408,15.8648,51.6068)->(14.774,18.1437,56.9216)->(13.3942,20.727,62.7789)->(12.4076,22.302,66.496)->(12.4076,22.302,66.621)->(9.78125,25.9375,75.5908)->(6.81649,28.6413,83.6158)->
Agent 14:(6.84077,28.5818,0)->(10.4741,28.0139,7.35496)->(14.7627,27.9121,15.9346)->(19.2346,26.9395,25.0874)->(22.9232,26.6094,32.4941)->(25.4458,25.7235,37.8414)->(26.5177,25.4271,40.0656)->(26.5177,25.4271,40.2667)->(28.6548,21.3935,49.3962)->(29.7376,19.3835,53.9624)->(31.0703,16.171,60.9183)->(31.0703,16.171,61.2569)->(33.6367,14.7238,67.1496)->(36.8678,13.7952,73.8733)->
Agent 15:(29.0893,8.14144,0)->(28.993,12.2294,8.1781)->(28.3851,16.2668,16.3441)->(28.1421,18.762,21.358)->(29.1111,22.0779,28.2671)->(28.9502,24.7363,33.5938)->(28.7609,26.2868,36.7176)->(28.4865,31.0827,46.3251)->
Agent 16:(19.4497,33.0403,0)->(19.0769,32.2047,1.82995)->(17.0983,28.2422,10.688)->(15.7504,25.5568,16.6974)->(13.3812,21.2294,26.5644)->(10.2799,18.6588,34.6208)->(10.2799,18.6588,35.3131)->(8.04382,16.0709,42.1532)->(3.70874,16.8503,50.9624)->(3.57612,17.0426,51.4296)->(3.57612,17.0426,51.6541)->(2.21073,17.5508,54.5679)->
Agent 17:(25.1024,30.0217,0)->(22.9203,27.0613,7.35538)->(21.2779,24.7973,12.9493)->(18.7344,21.5668,21.1729)->(16.5961,18.0823,29.3495)->(14.4587,14.7189,37.3197)->(12.2883,11.5558,44.9919)->
Agent 18:(32.4199,5.50256,0)->(30.7451,9.74555,9.12313)->(29.11,14.1859,18.5868)->(27.348,17.7055,26.4588)->(27.348,17.7055,51.6648)->(29.0003,16.2955,56.009)->
Agent 19:(36.9227,28.4186,0)->(35.8109,27.7059,2.64133)->(35.8109,27.7059,3.49426)->(30.8999,27.9405,13.3273)->
Agent 20:(27.5123,12.9312,0)->(25.0578,8.57509,10)->(21.3121,9.08025,17.5593)->(17.284,11.3186,26.7756)->(13.5118,14.5907,36.763)->(12.5063,16.7229,41.4776)->(12.1358,20.5808,49.2289)->(12.1358,20.5808,49.4366)->(10.8584,25.1349,58.8964)->(8.50144,27.9835,66.291)->(4.82576,31.3523,76.2628)->
Agent 21:(32.6121,32.3551,0)->(29.0342,31.2199,7.50732)->(24.4373,29.6474,17.2242)->(24.4373,29.6474,17.2279)->(20.5096,28.7221,25.2983)->(18.8979,26.679,30.5029)->(16.1958,22.7051,40.1139)->(14.5664,19.9499,46.5159)->(12.0215,15.8591,56.1514)->(9.33582,12.6149,64.5747)->(7.26625,8.90947,73.0632)->
Agent 22:(27.2508,35.6897,0)->(29.0332,33.0121,6.43307)->(29.3906,30.9053,10.707)->(30.021,26.3042,19.9952)->(31.0742,22.8725,27.1744)->(30.216,18.2408,36.5955)->(31.6265,14.5963,44.4114)->(32.5794,11.8869,50.1555)->(34.3138,8.46741,57.8239)->(35.2438,6.49813,62.1796)->(36.9157,3.08432,69.782)->(37.6195,2.62766,71.4599)->
Agent 23:(10.6177,18.169,0)->(13.4172,17.1972,5.92688)->(16.0832,16.1155,11.6811)->(16.0832,16.1155,11.7146)->(19.128,13.0299,20.3844)->(19.128,13.0299,20.7753)->(20.6406,11.0091,25.8237)->(20.6406,11.0091,26.2346)->(23.7104,8.04419,34.7702)->(27.1143,6.4923,42.2523)->(31.7604,6.29626,51.5527)->(35.1023,2.76848,61.2715)->
Agent 24:(15.6942,30.5129,0)->(14.5805,29.793,2.65229)->(13.4711,27.0093,8.6455)->(12.1736,23.7043,15.7466)->(11.1164,19.3952,24.6204)->(11.1164,19.3952,24.6422)->(10.8209,15.4816,32.4918)->(10.0451,13.1127,37.4771)->(10.0451,13.1127,40.9665)->(10.6699,16.6378,48.1267)->
Agent 25:(37.4923,5.89018,0)->(37.605,9.08693,6.39748)->(38.0805,13.4922,15.2592)->(38.9389,18.1674,24.7659)->(38.3029,22.5597,33.642)->(36.2867,24.9037,39.8257)->(34.4139,27.3892,46.05)->(32.0176,31.1208,54.9195)->
Agent 26:(36.399,10.0887,0)->(35.3517,11.0899,2.89784)->(32.0292,14.2991,12.1365)->(30.5047,17.8261,19.8212)->(30.5047,17.8261,19.9411)->(30.6446,21.1937,26.6822)->(29.1044,20.9852,29.7906)->(29.1044,20.9852,32.2671)->(30.0652,22.5383,35.9196)->(28.8211,27.1441,45.4613)->(25.1244,29.708,54.4588)->(22.352,31.1889,60.7452)->(22.352,31.1889,61.332)->(19.3758,34.4987,70.2341)->(15.4915,36.6486,79.1132)->
Agent 27:(16.4468,36.9077,0)->(15.5523,33.0726,7.87607)->(14.0128,31.439,12.3655)->(10.0371,31.3114,20.3208)->(7.60533,31.0509,25.2123)->(7.60533,31.0509,70.4851)->(5.67464,34.7533,78.8363)->
Agent 28:(20.4054,6.14264,0)->(18.8947,8.69743,5.93605)->(17.0395,11.9988,13.5101)->(17.1406,15.7937,21.1024)->(18.6459,20.0201,30.0753)->(18.2996,23.7273,37.5221)->(16.8451,25.7987,42.5842)->(17.2944,26.3458,44)->(17.2944,26.3458,47.7004)->(16.3144,28.7811,52.9506)->
Agent 29:(32.03,35.3615,0)->(36.4305,32.9876,10)->(36.4383,32.9834,10.0177)->
