Agent 0:(2.8329,34.2734,0)->(4.30274,31.0134,7.15204)->(7.17786,27.3986,16.3896)->(8.95151,26.444,20.418)->(11.408,25.9461,25.4309)->(15.7149,25.7725,34.0517)->(19.0473,25.5863,40.7269)->(22.6698,26.422,48.1622)->
Agent 1:(29.9434,18.4147,0)->(29.442,21.6824,6.61188)->
Agent 2:(15.1523,2.18534,0)->(17.085,4.33431,5.7804)->(21.2146,5.78577,14.5349)->(24.2897,5.74678,20.6855)->(27.8451,6.39798,27.9147)->(30.8414,9.11223,36.0004)->
Agent 3:(16.2867,15.1817,0)->(17.6395,17.4627,5.30386)->
Agent 4:(7.42534,5.09975,0)->(9.70604,5.45732,4.61711)->(13.0004,6.26353,11.4002)->(16.4607,8.50373,19.6445)->(19.6205,11.2231,27.9823)->(19.6205,11.2231,28.0505)->(23.0986,12.5193,35.4739)->(23.0986,12.5193,35.5288)->(26.6012,11.5907,42.7762)->(29.7656,11.4721,49.1094)->(33.3798,11.5753,56.3408)->
Agent 5:(13.6892,32.1641,0)->(9.7726,30.912,8.22366)->(7.12738,30.0196,13.8071)->(3.95848,30.5623,20.2371)->(3.74781,31.3452,21.8587)->
Agent 6:(28.4343,12.4693,0)->(29.7851,17.1982,9.83622)->(30.7633,20.3791,16.4919)->(30.7633,20.3791,16.5204)->(32.7629,24.521,25.7191)->(34.1001,26.9701,31.2999)->(34.876,30.0633,37.6778)->(36.6816,34.087,46.4984)->(37.3995,35.6357,49.9123)->
Agent 7:(10.0727,20.8227,0)->(7.80722,25.2308,9.91222)->(4.31464,26.4192,17.2907)->
Agent 8:(36.6754,25.818,0)->(31.9811,26.6233,9.52586)->(29.8851,27.0565,13.8064)->(26.1607,29.162,22.3631)->(24.2725,30.6986,27.232)->(23.5401,34.4306,34.8385)->(21.0087,37.6438,43.0196)->
Agent 9:(33.9038,5.2132,0)->(34.3174,4.16636,2.25118)->
Agent 10:(30.0142,23.3407,0)->(32.7335,24.5032,5.91482)->(34.3574,27.077,12.0013)->(36.6965,31.3282,21.7058)->(38.0232,32.6507,25.4524)->(38.0232,32.6507,35.8688)->(36.0533,30.5163,41.6778)->
Agent 11:(31.2718,26.9091,0)->(30.4083,25.3282,3.60272)->(31.8205,24.0949,7.35242)->(31.8205,24.0949,10.1076)->(30.6199,26.6791,15.8064)->
Agent 12:(28.1106,27.6267,0)->(29.9526,24.1475,7.8735)->(29.9526,24.1475,13.3226)->(27.9847,27.9053,21.8064)->
Agent 13:(4.49538,26.2832,0)->(6.28083,26.1273,3.58449)->(10.5964,25.7907,12.2419)->(14.8586,25.5249,20.7829)->(19.6975,25.1962,30.483)->(24.6408,25.1227,40.3706)->(27.7707,25.0644,46.6315)->(31.8602,25.8654,54.9658)->(35.8406,27.9815,63.9818)->(38.4921,31.5804,72.9222)->(38.4921,31.5804,73.603)->(34.9488,32.5371,80.9433)->
Agent 14:(36.2761,16.3621,0)->(33.4305,12.2508,10)->(30.585,8.13948,20)->(27.8813,4.23317,29.5014)->
Agent 15:(20.7031,37.3267,0)->(22.0094,36.3686,3.2401)->(23.884,32.7424,11.4043)->(24.5877,29.7081,17.634)->(24.5877,29.7081,17.7302)->(25.8507,26.7063,24.2434)->(27.6618,22.535,33.3386)->(29.2959,19.0526,41.0321)->(30.5248,17.1012,45.6442)->(31.487,13.6625,52.7857)->
Agent 16:(10.1497,18.2507,0)->(12.8676,21.6387,8.68686)->(14.4975,23.9342,14.3175)->(14.4975,23.9342,14.4031)->(18.752,24.6655,23.0369)->(23.6032,24.2922,32.7681)->(26.9654,24.2393,39.4932)->(27.32,23.835,40.5688)->
Agent 17:(37.994,11.3786,0)->(35.0267,11.1309,5.95519)->(32.3474,10.718,11.3772)->(32.3474,10.718,11.3954)->(29.5971,11.1938,16.9777)->(27.9509,11.8087,20.4922)->(23.5715,12.9872,29.5626)->(21.4611,13.0129,33.7838)->(18.4977,11.5005,40.4379)->(15.5748,7.97121,49.6028)->(13.4021,5.54992,56.1092)->
Agent 18:(36.1525,28.5874,0)->(35.676,25.6877,5.87725)->(31.7301,23.9989,14.4615)->(29.5627,23.1123,19.1449)->(26.976,21.4126,25.3352)->(23.8696,19.5195,32.6107)->(23.8696,19.5195,32.6496)->(19.1829,18.6552,42.1811)->(16.0862,18.5123,48.3812)->(14.1038,17.7772,52.6097)->(9.45581,16.0092,62.5555)->(7.32522,11.7308,72.1146)->(9.01803,8.64491,79.154)->(9.50713,8.46398,80.197)->
Agent 19:(13.9718,21.7462,0)->(10.5589,21.7484,6.82579)->(8.95849,21.3631,10.1181)->
Agent 20:(16.3294,8.55857,0)->(13.2903,4.58816,10)->(12.139,3.08398,13.7885)->
Agent 21:(20.7732,6.71817,0)->(25.6833,5.77432,10)->(29.427,8.11589,18.8314)->(29.6389,12.8503,28.3097)->(30.0633,14.4327,31.5863)->(29.843,16.8376,36.4162)->(29.843,16.8376,37.0392)->(30.8125,20.4435,44.5071)->(31.4325,22.2614,48.3485)->(35.4955,24.729,57.8559)->
Agent 22:(10.792,3.48665,0)->(10.792,3.48665,0.439833)->(8.59296,4.85245,5.61711)->(8.57868,8.0932,12.0987)->(8.40216,12.2787,20.4772)->(8.89959,15.8111,27.6116)->(9.51446,17.1072,30.4808)->
Agent 23:(36.2068,33.3139,0)->(36.7924,28.3483,10)->(36.8468,24.1989,18.2996)->(36.9111,21.4921,23.7146)->(37.3682,17.7877,31.1796)->(37.2276,15.073,36.6162)->(37.1352,10.5101,45.7439)->
Agent 24:(16.5675,19.7219,0)->(15.9894,18.8299,2.12591)->(12.4821,15.8952,11.2721)->(11.7746,15.3906,13.0102)->
Agent 25:(17.2631,6.24638,0)->(17.9307,10.5978,8.8046)->(18.5952,13.5291,14.816)->(19.5585,17.0548,22.1258)->(19.8819,17.947,24.0238)->(19.8819,17.947,24.2329)->(23.4733,20.5156,33.0637)->(26.1202,20.4686,38.3583)->(28.9209,19.5491,44.254)->
Agent 26:(7.88222,7.2473,0)->(8.18877,12.1542,9.83286)->(8.46053,14.745,15.043)->(8.46053,14.745,15.0445)->(11.2041,16.6167,21.6869)->(12.6999,17.5536,25.2169)->(17.3071,19.2794,35.0566)->(17.3071,19.2794,35.1877)->(21.7658,20.318,44.3438)->(26.5142,20.6605,53.8653)->(26.813,21.6307,55.8957)->(26.813,21.6307,55.9101)->(30.8885,23.6474,65.0044)->(34.3569,26.0453,73.4375)->(36.1425,26.8156,77.3269)->
Agent 27:(19.1809,9.23343,0)->(19.7518,12.4372,6.50855)->(20.5832,16.5832,14.9655)->(20.5832,16.5832,40.3327)->(18.9314,18.9961,46.1811)->
Agent 28:(22.7334,36.2417,0)->(22.5975,38.1783,3.88262)->(18.9057,38.7136,11.3434)->(16.8973,38.2479,15.4668)->(16.8973,38.2479,15.6756)->(15.832,33.77,24.8815)->(14.2549,32.8561,28.527)->(10.9677,31.1528,35.9315)->(8.4238,29.661,41.8296)->(4.01921,27.3968,51.7346)->(4.01921,27.3968,51.8373)->(3.25734,26.8125,53.7575)->(2.23599,25.7284,56.7364)->(2.03571,20.9138,66.3739)->
Agent 29:(18.4087,15.4068,0)->(19.4922,18.0038,5.62794)->(22.0827,19.4,11.5136)->(26.8318,19.7195,21.0333)->(31.0868,20.9979,29.9191)->(30.9381,24.2752,36.4804)->(34.121,23.3064,43.1344)->(37.0753,22.5448,49.2362)->
